   709
   711
   709
   717
   721
   725
   725
   723
   725
   717
   713
   707
   707
   711
   713
   711
   711
   709
   709
   713
   719
   719
   723
   729
   721
   721
   717
   717
   717
   719
   719
   721
   715
   709
   711
   709
   709
   715
   713
   705
   699
   703
   705
   705
   703
   703
   703
   701
   705
   707
   713
   711
   715
   713
   717
   715
   713
   719
   715
   717
   721
   709
   707
   701
   707
   711
   713
   721
   721
   723
   717
   715
   713
   717
   719
   719
   717
   715
   707
   719
   719
   719
   719
   711
   709
   713
   719
   725
   719
   703
   701
   701
   701
   705
   709
   705
   707
   705
   711
   711
   717
   721
   719
   715
   711
   709
   709
   709
   709
   707
   705
   707
   705
   707
   709
   707
   707
   709
   701
   703
   711
   713
   711
   715
   715
   707
   709
   709
   709
   717
   709
   713
   707
   709
   705
   705
   705
   715
   717
   721
   719
   715
   715
   715
   719
   721
   719
   717
   713
   709
   711
   717
   721
   721
   717
   719
   715
   709
   705
   709
   709
   705
   709
   705
   701
   705
   705
   709
   717
   713
   711
   713
   705
   701
   701
   701
   703
   711
   707
   709
   709
   711
   705
   715
   715
   719
   725
   719
   721
   725
   729
   727
   725
   721
   715
   709
   703
   705
   707
   707
   699
   693
   691
   689
   693
   693
   701
   701
   701
   709
   707
   701
   703
   703
   705
   709
   709
   707
   705
   699
   693
   691
   695
   695
   699
   701
   699
   699
   703
   705
   711
   713
   713
   709
   709
   703
   705
   715
   715
   713
   715
   703
   697
   701
   701
   705
   707
   707
   703
   697
   701
   701
   701
   709
   711
   711
   713
   711
   711
   709
   715
   717
   713
   715
   711
   707
   709
   703
   713
   715
   713
   713
   707
   709
   701
   701
   705
   703
   705
   699
   699
   699
   699
   701
   705
   703
   705
   703
   709
   715
   711
   715
   713
   713
   707
   709
   705
   691
   674
   676
   680
   686
   689
   697
   695
   697
   703
   707
   715
   717
   723
   717
   719
   711
   713
   719
   725
   727
   721
   723
   717
   711
   711
   711
   715
   717
   715
   717
   719
   711
   709
   713
   715
   725
   717
   717
   713
   703
   703
   697
   699
   703
   709
   711
   711
   707
   711
   709
   713
   709
   707
   707
   701
   703
   703
   707
   711
   709
   707
   707
   713
   713
   713
   717
   721
   719
   723
   715
   709
   705
   707
   713
   713
   711
   715
   713
   709
   709
   717
   711
   705
   711
   703
   699
   701
   699
   699
   686
   670
   672
   674
   676
   682
   689
   699
   699
   707
   711
   709
   707
   711
   715
   715
   721
   719
   717
   711
   715
   719
   719
   719
   711
   707
   705
   715
   707
   709
   701
   701
   703
   713
