  1135
  1146
  1180
  1191
  1168
  1189
  1174
  1188
  1164
  1193
  1180
  1178
  1170
  1168
  1162
  1154
  1172
  1164
  1158
  1150
  1146
  1168
  1162
  1143
  1170
  1162
  1158
  1148
  1145
  1146
  1129
  1141
  1131
  1135
  1133
  1107
  1123
  1131
  1121
  1121
  1109
  1127
  1131
  1113
  1121
  1070
  1098
  1137
  1123
  1146
  1150
  1146
  1139
  1123
  1148
  1154
  1133
  1125
  1119
  1133
  1135
  1135
  1143
  1146
  1186
  1188
  1152
  1152
  1141
  1133
  1129
  1109
  1105
  1111
  1111
  1117
  1107
  1109
  1100
  1086
  1057
  1059
  1070
  1115
  1137
   434
   391
  1146
  1145
  1125
  1139
  1127
  1156
  1160
  1145
  1152
  1127
  1141
  1141
  1141
  1148
  1145
  1170
  1162
  1176
  1178
  1174
  1186
  1186
  1197
  1178
  1199
  1191
  1195
  1203
  1186
  1197
  1197
  1209
  1207
  1207
  1213
  1158
  1168
  1189
  1184
  1174
  1170
  1182
  1133
  1182
  1117
  1113
  1156
  1174
  1166
  1176
  1174
  1207
  1230
  1207
  1223
  1244
  1230
  1240
  1221
  1234
  1211
  1234
  1225
  1227
  1225
  1209
  1229
  1221
  1223
  1236
  1223
  1236
  1236
  1227
  1217
  1217
  1203
  1199
  1213
  1203
  1203
  1211
  1201
  1221
  1189
  1178
  1170
  1184
  1193
  1168
  1182
   793
  1172
  1172
  1166
  1203
  1193
  1182
  1203
  1188
  1199
  1182
  1203
  1199
  1213
  1203
  1203
  1221
  1213
  1201
  1193
  1186
  1205
  1217
  1189
  1205
  1195
  1189
  1197
  1189
  1197
  1195
  1203
  1213
  1201
  1197
  1193
  1211
  1199
  1217
  1176
  1166
  1107
  1143
  1172
  1176
  1174
  1199
  1203
  1184
  1211
  1182
  1215
  1182
  1184
  1178
  1180
  1184
  1154
  1176
  1154
  1139
  1168
  1160
  1186
  1164
  1172
  1178
  1176
  1162
  1168
  1154
  1182
  1150
  1166
  1160
  1160
  1154
  1176
  1180
  1166
  1129
  1098
  1148
  1146
  1146
  1172
  1156
  1172
  1143
  1158
  1166
  1158
  1186
  1168
  1170
  1156
  1176
  1166
  1168
  1182
  1184
  1180
  1172
  1162
  1148
  1154
  1137
  1125
  1131
  1113
  1119
  1129
